field_scaling_factor: 0.006754459347575903
max_angle: 25.0
max_wavelength: 6.999999300205673e-07
min_angle: -5.0
min_wavelength: 4.000004878434993e-07
src_data_scaling_factor: 80000000.0
